event_id,ticker,event_time,subreddit,thread_id,comment_id,parent_id,hours_from_event,text,score,depth,source_type,stance,prompt_version,persona_version,archetype,cohort
NVDA_Q3FY26,NVDA,2025-11-19T21:00:00+00:00,wallstreetbets,thread_P2_V1_long_horizon,fin_qwen_qwen3_5_2b_P2_V1_long_horizon_42_000,thread_P2_V1_long_horizon,8.56,"Jensen, I know you're the guy selling the best chips in the world, but I'm just glad you're not selling us out. That 62% jump is insane, but I'm still waiting to see if the margin compression on the Blackwell cards actually matters for the 5-year horizon. If the cloud keeps going up, I'm in. If they can't scale efficiently, I'm out. Either way, let's see if they can actually make the money.",0,0,sim_agent,bearish,P2_V1,V1_three_archetypes,long_horizon,long-horizon
NVDA_Q3FY26,NVDA,2025-11-19T21:00:00+00:00,wallstreetbets,thread_P2_V1_long_horizon,fin_qwen_qwen3_5_2b_P2_V1_long_horizon_42_001,thread_P2_V1_long_horizon,8.27,"Honestly, I'm still waiting to see if the 120%+ growth stretch is sustainable or if this is just a one-time event. The Blackwell ramp is great, but I'm mostly concerned about the valuation given the AI hype cycle. If they can't deliver consistent margins for the next 3 years, this whole valuation model is going to crumble. Don't get your hopes up too much on the short-term, but I'm keeping my eyes on the long-term moat.",0,0,sim_agent,bullish,P2_V1,V1_three_archetypes,long_horizon,long-horizon
NVDA_Q3FY26,NVDA,2025-11-19T21:00:00+00:00,wallstreetbets,thread_P2_V1_long_horizon,fin_qwen_qwen3_5_2b_P2_V1_long_horizon_42_002,thread_P2_V1_long_horizon,8.72,"Honestly, I'm not even surprised the stock tanked after hours. I've been watching this for years and the fundamentals are just insane, but I'm more worried about the volatility right now. If they can't hold the price through the next quarter without a massive sell-off, I'm not sure I'll be buying back in. Let's see if they can actually execute the Blackwell ramp without blowing up the valuation.",0,2,sim_agent,neutral,P2_V1,V1_three_archetypes,long_horizon,long-horizon
NVDA_Q3FY26,NVDA,2025-11-19T21:00:00+00:00,wallstreetbets,thread_P2_V1_long_horizon,fin_qwen_qwen3_5_2b_P2_V1_long_horizon_42_003,thread_P2_V1_long_horizon,-4.97,"Alright, I'm genuinely surprised they beat on EPS so hard. I've been watching the margin compression stories for months and don't think they'll see the upside they're showing on the back end. But hey, if they can keep the capex going without raising prices on the GPUs, I'll take the long view and hold through the volatility. At least they're not cutting orders yet.",0,0,sim_agent,bullish,P2_V1,V1_three_archetypes,long_horizon,long-horizon
NVDA_Q3FY26,NVDA,2025-11-19T21:00:00+00:00,wallstreetbets,thread_P2_V1_long_horizon,fin_qwen_qwen3_5_2b_P2_V1_long_horizon_42_004,thread_P2_V1_long_horizon,7.83,"I'm still waiting for the quarterly guidance to come out, but I'm mostly excited to see how the capex plans for Blackwell play out over the next few years. If they can keep the margins from squeezing as much as they are right now, I'll be buying a lot of these in 3 years.",0,0,sim_agent,bullish,P2_V1,V1_three_archetypes,long_horizon,long-horizon
NVDA_Q3FY26,NVDA,2025-11-19T21:00:00+00:00,wallstreetbets,thread_P2_V1_long_horizon,fin_qwen_qwen3_5_2b_P2_V1_long_horizon_42_005,thread_P2_V1_long_horizon,11.16,"So, $57B revenue? That's insane. I've been watching the supply chain and the Blackwell ramp for years, and seeing this kind of consistency from a company that has been in the trenches for a decade is actually pretty rare. Jensen's guidance on infrastructure demand feels like a signal that this isn't just a cyclical boom, but a structural shift in how we compute. Even if the stock dips a bit after-hours, the business model I'm looking at here is fundamentally different from what I was thinking 3 years ago. If they can sustain this without a massive capex spike, I'm not just going to be a ""long"" here, I'm going to be a ""very long"" one.",0,1,sim_agent,bullish,P2_V1,V1_three_archetypes,long_horizon,long-horizon
NVDA_Q3FY26,NVDA,2025-11-19T21:00:00+00:00,wallstreetbets,thread_P2_V1_long_horizon,fin_qwen_qwen3_5_2b_P2_V1_long_horizon_42_006,thread_P2_V1_long_horizon,16.57,"Honestly, the numbers look solid for the next 5 years, but I'm just glad they didn't ask about the $1500 price target I was hoping for in Q3.",0,1,sim_agent,bullish,P2_V1,V1_three_archetypes,long_horizon,long-horizon
NVDA_Q3FY26,NVDA,2025-11-19T21:00:00+00:00,wallstreetbets,thread_P2_V1_long_horizon,fin_qwen_qwen3_5_2b_P2_V1_long_horizon_42_007,thread_P2_V1_long_horizon,11.11,"Honestly, I'm just glad they beat expectations on EPS this time. The guidance on Blackwell ramp feels more realistic than the hype cycle we've been in, and I'm not seeing any signs of a valuation correction yet. If they can actually deliver the sustained volume they promised next quarter, I'm keeping my eyes on the long-term chart rather than the after-hours noise.",0,1,sim_agent,bullish,P2_V1,V1_three_archetypes,long_horizon,long-horizon
NVDA_Q3FY26,NVDA,2025-11-19T21:00:00+00:00,wallstreetbets,thread_P2_V1_long_horizon,fin_qwen_qwen3_5_2b_P2_V1_long_horizon_42_008,thread_P2_V1_long_horizon,12.46,"Honestly, I'm just glad they didn't cut the guidance on the Blackwell ramp. If they had to drop guidance to meet a 62% revenue beat, I'd have been terrified. The margin pressure from the new architecture is real, but as long as they can keep the AI cycle alive without choking on their own innovation, I'm still in. Don't sell just because the stock is up; let's wait to see if this actually scales.",0,1,sim_agent,bullish,P2_V1,V1_three_archetypes,long_horizon,long-horizon
NVDA_Q3FY26,NVDA,2025-11-19T21:00:00+00:00,wallstreetbets,thread_P2_V1_long_horizon,fin_qwen_qwen3_5_2b_P2_V1_long_horizon_42_009,thread_P2_V1_long_horizon,23.11,"Great news on the numbers, but honestly, I'm just glad I bought before the hype cycle peaked. The Blackwell ramp is a massive moat, and I'm not worried about the 2026 guidance unless the valuation starts compressing on the back of AI saturation. For a long-term hold, this is just the middle act.",0,0,sim_agent,bullish,P2_V1,V1_three_archetypes,long_horizon,long-horizon
NVDA_Q3FY26,NVDA,2025-11-19T21:00:00+00:00,wallstreetbets,thread_P2_V1_long_horizon,fin_qwen_qwen3_5_2b_P2_V1_long_horizon_42_010,thread_P2_V1_long_horizon,15.32,"Finally, someone who understands that $57B isn't a one-off. The Blackwell ramp is real, and the AI demand is the only thing holding the valuation together. If the business quality stays this strong and the margin expansion continues, this is the kind of company that makes 30x for 10 years. Don't get distracted by the after-hours volatility; the market is just trying to price in the next 5-year plan right now.",0,0,sim_agent,bullish,P2_V1,V1_three_archetypes,long_horizon,long-horizon
NVDA_Q3FY26,NVDA,2025-11-19T21:00:00+00:00,wallstreetbets,thread_P2_V1_long_horizon,fin_qwen_qwen3_5_2b_P2_V1_long_horizon_42_011,thread_P2_V1_long_horizon,-4.54,"Okay, so I actually read the full earnings call, not just the slides. The Blackwell ramp is definitely the catalyst, but I'm not buying the whole $57B number just yet. I think we're looking at a massive 10x or 20x over the next few years if the AI infrastructure demand holds up, but right now the stock is too expensive for a 5-year hold. I'm watching the price action closely to see if it can break out, but I'm not going to chase it unless it's clearly trending higher.",0,0,sim_agent,bullish,P2_V1,V1_three_archetypes,long_horizon,long-horizon
NVDA_Q3FY26,NVDA,2025-11-19T21:00:00+00:00,wallstreetbets,thread_P2_V1_long_horizon,fin_qwen_qwen3_5_2b_P2_V1_long_horizon_42_012,thread_P2_V1_long_horizon,18.73,"Looks like they finally hit the ground running with the Blackwell ramp, which is a huge signal for the next 3-5 years. The Q3 numbers are solid, but I'm not sure how much of that 62% is just a one-off spike from the new chips versus a sustained trend. I'm hoping they don't get complacent and that the margin expansion continues without the volatility we've seen lately.",0,0,sim_agent,bullish,P2_V1,V1_three_archetypes,long_horizon,long-horizon
NVDA_Q3FY26,NVDA,2025-11-19T21:00:00+00:00,wallstreetbets,thread_P2_V1_long_horizon,fin_qwen_qwen3_5_2b_P2_V1_long_horizon_42_013,thread_P2_V1_long_horizon,7.59,"Honestly, I'm still waiting for the Q3 guidance to actually hit the news cycle before I can give this stock a serious look. The Blackwell ramp sounds great, but until we see the real numbers and the margin expansion story, I'm just watching the price action hope it stays stable. Long-term growth is nice, but I need to know if this is actually worth the risk over the next few years.",0,0,sim_agent,bullish,P2_V1,V1_three_archetypes,long_horizon,long-horizon
NVDA_Q3FY26,NVDA,2025-11-19T21:00:00+00:00,wallstreetbets,thread_P2_V1_long_horizon,fin_qwen_qwen3_5_2b_P2_V1_long_horizon_42_014,thread_P2_V1_long_horizon,17.82,"I'm not sure if this is the right time to be bullish. They beat on revenue, but I'm more worried about the margin compression from the Blackwell ramp and the regulatory headwinds that are likely to bite them hard in 3 years. If they can't deliver the cash flow to fund the next gen, this is just another quarter of a story that ends.",0,1,sim_agent,bullish,P2_V1,V1_three_archetypes,long_horizon,long-horizon
NVDA_Q3FY26,NVDA,2025-11-19T21:00:00+00:00,wallstreetbets,thread_P2_V1_long_horizon,fin_qwen_qwen3_5_2b_P2_V1_long_horizon_42_015,thread_P2_V1_long_horizon,-1.13,"Honestly, I'm not even sure what ""up 62%"" means in 1999, but I'll take the $57B over the $10B stock I bought in 2000 any day. Jensen's guidance on Blackwell is the only thing that makes me feel like I'm actually watching a company that could last 10 years, not just a hype cycle that's already peaked.",0,1,sim_agent,bullish,P2_V1,V1_three_archetypes,long_horizon,long-horizon
NVDA_Q3FY26,NVDA,2025-11-19T21:00:00+00:00,wallstreetbets,thread_P2_V1_long_horizon,fin_qwen_qwen3_5_2b_P2_V1_long_horizon_42_016,thread_P2_V1_long_horizon,-6.0,"Honestly, I'm not sure I'm ready to buy yet. The numbers are great, but I'm still waiting to see if the valuation is actually justified by the long-term growth story. I'm more interested in whether the competitive moat holds up for the next 5 years than the quarterly guidance.",0,0,sim_agent,bullish,P2_V1,V1_three_archetypes,long_horizon,long-horizon
NVDA_Q3FY26,NVDA,2025-11-19T21:00:00+00:00,wallstreetbets,thread_P2_V1_long_horizon,fin_qwen_qwen3_5_2b_P2_V1_long_horizon_42_017,thread_P2_V1_long_horizon,3.93,"Finally someone who actually understands the business. The Blackwell ramp and data center momentum are real, and I'm glad the guidance is raised. I'm not betting on a price spike tomorrow, but I'm definitely watching how this plays out over the next few quarters. If this continues, I'm in.",0,1,sim_agent,neutral,P2_V1,V1_three_archetypes,long_horizon,long-horizon
NVDA_Q3FY26,NVDA,2025-11-19T21:00:00+00:00,wallstreetbets,thread_P2_V1_long_horizon,fin_qwen_qwen3_5_2b_P2_V1_long_horizon_42_018,thread_P2_V1_long_horizon,16.64,"Honestly, I was skeptical when the guidance came in, but seeing the Blackwell ramp actually makes me feel like we're finally on the right track. At this point, I'm not worried about the quarterly dip or the mixed after-hours reaction; I'm just waiting to see if they can actually deliver on the volume targets next quarter. If they can sustain this growth trajectory without a massive capex spike, the long-term thesis is pretty solid.",0,2,sim_agent,bullish,P2_V1,V1_three_archetypes,long_horizon,long-horizon
NVDA_Q3FY26,NVDA,2025-11-19T21:00:00+00:00,wallstreetbets,thread_P2_V1_long_horizon,fin_qwen_qwen3_5_2b_P2_V1_long_horizon_42_019,thread_P2_V1_long_horizon,-2.19,"""Good news for the long haul, but I'm still not convinced the current price reflects the full upside yet. The Blackwell ramp is nice, but I'm waiting to see if the margin expansion and cost reductions actually translate to better P/E multiples in 3 years. Don't get your hopes up too early, but definitely keep an eye on the tech sector trends.",0,1,sim_agent,bullish,P2_V1,V1_three_archetypes,long_horizon,long-horizon
NVDA_Q3FY26,NVDA,2025-11-19T21:00:00+00:00,wallstreetbets,thread_P2_V1_long_horizon,fin_qwen_qwen3_5_2b_P2_V1_long_horizon_42_020,thread_P2_V1_long_horizon,9.14,"This is what we've been waiting for. The Blackwell ramp is real, and the margins are finally looking sustainable, not just on paper. If they can maintain this growth without the usual valuation compression, I'm in.",0,0,sim_agent,bullish,P2_V1,V1_three_archetypes,long_horizon,long-horizon
NVDA_Q3FY26,NVDA,2025-11-19T21:00:00+00:00,wallstreetbets,thread_P2_V1_long_horizon,fin_qwen_qwen3_5_2b_P2_V1_long_horizon_42_021,thread_P2_V1_long_horizon,7.06,"This is the kind of thing that matters. The Blackwell ramp looks like a real moat, and seeing Jensen Huang actually raise guidance for the next quarter tells me they aren't just chasing a one-off revenue spike. If they can keep this momentum going for the next 3-5 years, the valuation expansion is definitely on the table. Let's see how the stock holds up over the next fiscal year.",0,0,sim_agent,neutral,P2_V1,V1_three_archetypes,long_horizon,long-horizon
NVDA_Q3FY26,NVDA,2025-11-19T21:00:00+00:00,wallstreetbets,thread_P2_V1_long_horizon,fin_qwen_qwen3_5_2b_P2_V1_long_horizon_42_022,thread_P2_V1_long_horizon,16.38,"Jensen's guidance for Q4 is a massive red flag. If they're ramping Blackwell at that pace, I'm looking at a 100%+ upside on the next earnings call, which means the current valuation is already priced for a complete bubble. I'm not chasing the hype, but I'm also not going to sell just because the stock dipped after-hours. I'll wait to see if the fundamentals hold up before I make any moves.",0,0,sim_agent,neutral,P2_V1,V1_three_archetypes,long_horizon,long-horizon
NVDA_Q3FY26,NVDA,2025-11-19T21:00:00+00:00,wallstreetbets,thread_P2_V1_long_horizon,fin_qwen_qwen3_5_2b_P2_V1_long_horizon_42_023,thread_P2_V1_long_horizon,13.5,"Wait, $57B revenue? Did we just get a miracle? Or is this just the hype cycle wearing off again? I'm not jumping on the bandwagon just yet, but if Blackwell is actually hitting the numbers they claim, I'm curious to see if the margin expansion actually materializes before the next quarter. Let's see if the business quality backs up the valuation.",0,0,sim_agent,neutral,P2_V1,V1_three_archetypes,long_horizon,long-horizon
NVDA_Q3FY26,NVDA,2025-11-19T21:00:00+00:00,wallstreetbets,thread_P2_V1_long_horizon,fin_qwen_qwen3_5_2b_P2_V1_long_horizon_42_024,thread_P2_V1_long_horizon,3.73,"I'm still waiting to see if the next 3 years are going to be as good as the last 3. The guidance is solid, but I'm not sure if the valuation is still cheap enough to hold through a downturn that comes with any of these AI giants.",0,0,sim_agent,bullish,P2_V1,V1_three_archetypes,long_horizon,long-horizon
NVDA_Q3FY26,NVDA,2025-11-19T21:00:00+00:00,wallstreetbets,thread_P2_V1_long_horizon,fin_qwen_qwen3_5_2b_P2_V1_long_horizon_42_025,thread_P2_V1_long_horizon,2.83,"Honestly, I'm just glad the market didn't panic over the mixed after-hours reaction. Jensen's guidance on Blackwell is solid, and I'm not seeing any signs of the AI sector cooling down like last quarter. If the margins hold and we don't see a massive capex squeeze, I'm already thinking about how much I can ride the curve into the mid-single digits in a few years. Right now, the price action looks a bit fragile, but that's just a lagging indicator when fundamentals are this strong.",0,0,sim_agent,bullish,P2_V1,V1_three_archetypes,long_horizon,long-horizon
NVDA_Q3FY26,NVDA,2025-11-19T21:00:00+00:00,wallstreetbets,thread_P2_V1_long_horizon,fin_qwen_qwen3_5_2b_P2_V1_long_horizon_42_026,thread_P2_V1_long_horizon,7.5,"Honestly, I'm just glad I bought this at the bottom of the dip before the hype cycle started. The fact that they're actually hitting 60% growth on data center revenue and Jensen is raising guidance for the next year tells me this is a long-term play, not a flash-in-the-pan stock. I'm not worried about the volatility right now; I'm just counting down the days until Q4 and seeing if the next quarter can sustain this momentum. If the business model holds up, I'm in.",0,1,sim_agent,bullish,P2_V1,V1_three_archetypes,long_horizon,long-horizon
NVDA_Q3FY26,NVDA,2025-11-19T21:00:00+00:00,wallstreetbets,thread_P2_V1_long_horizon,fin_qwen_qwen3_5_2b_P2_V1_long_horizon_42_027,thread_P2_V1_long_horizon,33.36,"Wow, $57B revenue? That's actually a pretty solid number for a company that's been trying to scale for 10 years. Jensen's guidance on the Blackwell ramp feels like a real signal that we're finally in the middle of the real AI boom, not just the hype cycle. If they can keep this momentum going through the next few quarters without a major data center capex slowdown, I see a long-term play here that probably won't be worth a dip in 3 years.",0,1,sim_agent,bullish,P2_V1,V1_three_archetypes,long_horizon,long-horizon
NVDA_Q3FY26,NVDA,2025-11-19T21:00:00+00:00,wallstreetbets,thread_P2_V1_long_horizon,fin_qwen_qwen3_5_2b_P2_V1_long_horizon_42_028,thread_P2_V1_long_horizon,17.68,"So, $57B for the quarter? That's actually pretty solid for a company that's been so volatile lately, but I'm not sure I'm ready to get greedy yet. Jensen's guidance is nice, but I'm still waiting to see if they can actually sustain the margins we're seeing without that constant supply chain headache. If the Blackwell ramp really hits the mark, maybe we'll see the stock stabilize, but I'm mostly watching the long-term narrative now rather than trying to catch a falling knife on this.",0,0,sim_agent,bullish,P2_V1,V1_three_archetypes,long_horizon,long-horizon
NVDA_Q3FY26,NVDA,2025-11-19T21:00:00+00:00,wallstreetbets,thread_P2_V1_long_horizon,fin_qwen_qwen3_5_2b_P2_V1_long_horizon_42_029,thread_P2_V1_long_horizon,24.22,"So I'm looking at the Q3 numbers and seeing that Blackwell ramp is finally moving, and the revenue is just printing money year over year. But honestly, after the after-hours dip, I'm still waiting to see if the valuation compression from the last few quarters is fully priced in. If the P/E ratio stays this high on top of all that AI hype, I'm still thinking maybe 2028 is a better time to buy than now, even if the guidance looks solid.",0,0,sim_agent,bullish,P2_V1,V1_three_archetypes,long_horizon,long-horizon
NVDA_Q3FY26,NVDA,2025-11-19T21:00:00+00:00,wallstreetbets,thread_P2_V1_long_horizon,fin_qwen_qwen3_5_2b_P2_V1_long_horizon_42_030,thread_P2_V1_long_horizon,24.26,"Honestly, I'm still waiting for the actual earnings report for Q4 FY2026 to see if the guidance holds up or if they're just spinning the numbers for a holiday push. With the Blackwell ramp taking time to mature, I'm more interested in whether they can sustain this growth trajectory without a massive capex hit next year. For now, I'm just watching the market reaction to this Q3 beat and wondering if the valuation is still too high for a company that's only just starting to really deliver.",0,1,sim_agent,bullish,P2_V1,V1_three_archetypes,long_horizon,long-horizon
NVDA_Q3FY26,NVDA,2025-11-19T21:00:00+00:00,wallstreetbets,thread_P2_V1_long_horizon,fin_qwen_qwen3_5_2b_P2_V1_long_horizon_42_031,thread_P2_V1_long_horizon,9.06,"Honestly, I'm just glad they beat the numbers. The Blackwell ramp is real, and seeing them talk about infrastructure demand for years ahead is nice. I'm not looking to sell just because the after-hours dip happened; I'm more interested in whether they can maintain this growth trajectory without getting squeezed by capex or facing a slowdown in the next quarter. If they keep this momentum, the valuation makes sense for a company that's actually building the future, even if the price is a bit high right now.",0,1,sim_agent,bullish,P2_V1,V1_three_archetypes,long_horizon,long-horizon
NVDA_Q3FY26,NVDA,2025-11-19T21:00:00+00:00,wallstreetbets,thread_P2_V1_long_horizon,fin_qwen_qwen3_5_2b_P2_V1_long_horizon_42_032,thread_P2_V1_long_horizon,19.53,"Honestly, I just saw the headline and thought ""wait, they're talking about 2026 now?"" lol, totally lost. But hey, if they're actually ramping Blackwell and hitting 60B revenue, I'm still in. Just don't expect me to buy the dip if it drops below $800 before the next earnings call.",0,0,sim_agent,bullish,P2_V1,V1_three_archetypes,long_horizon,long-horizon
NVDA_Q3FY26,NVDA,2025-11-19T21:00:00+00:00,wallstreetbets,thread_P2_V1_long_horizon,fin_qwen_qwen3_5_2b_P2_V1_long_horizon_42_033,thread_P2_V1_long_horizon,-4.44,"Honestly, I'm just glad they beat on EPS this time. The revenue numbers are all over the place, but I'm focusing on the fact that Blackwell is finally hitting volume and the data center moat is getting deeper. At this valuation, I'm not seeing a reason to panic about the guidance hike. If they can keep this ramp going for another 2-3 years, I think the ceiling is higher than I gave them credit for in 2023.",0,0,sim_agent,bullish,P2_V1,V1_three_archetypes,long_horizon,long-horizon
NVDA_Q3FY26,NVDA,2025-11-19T21:00:00+00:00,wallstreetbets,thread_P2_V1_long_horizon,fin_qwen_qwen3_5_2b_P2_V1_long_horizon_42_034,thread_P2_V1_long_horizon,6.84,"Honestly, I'm still waiting to see if they can actually execute the Blackwell ramp without blowing the roof off the factory. The revenue numbers are nice, but I'm more worried about the capex burn rate and whether they can sustain that 62% growth rate without cannibalizing their own consumer business. If the guidance for Q4 is just a one-off hype cycle, I might as well be buying a lottery ticket.",0,0,sim_agent,bullish,P2_V1,V1_three_archetypes,long_horizon,long-horizon
NVDA_Q3FY26,NVDA,2025-11-19T21:00:00+00:00,wallstreetbets,thread_P2_V1_long_horizon,fin_qwen_qwen3_5_2b_P2_V1_long_horizon_42_035,thread_P2_V1_long_horizon,17.24,"Honestly, I just stared at the chart for 45 minutes and asked myself if I'd actually bought this stock last year. The revenue numbers are insane, but the margin compression in the margins and the geopolitical risks make me nervous about whether this is a 10-year play or a 3-year bubble. If the guidance doesn't stick next quarter, I'm done.",0,2,sim_agent,neutral,P2_V1,V1_three_archetypes,long_horizon,long-horizon
NVDA_Q3FY26,NVDA,2025-11-19T21:00:00+00:00,wallstreetbets,thread_P2_V1_short_horizon,fin_qwen_qwen3_5_2b_P2_V1_short_horizon_42_000,thread_P2_V1_short_horizon,3.86,"Holy shit, that's the first time I've seen a stock hit $1000 in a week. The Blackwell ramp is insane and the guidance is actually solid, so I'm locking in the dip here for the breakout. Next stop, the $1500 zone.",0,1,sim_agent,bullish,P2_V1,V1_three_archetypes,short_horizon,short-horizon
NVDA_Q3FY26,NVDA,2025-11-19T21:00:00+00:00,wallstreetbets,thread_P2_V1_short_horizon,fin_qwen_qwen3_5_2b_P2_V1_short_horizon_42_001,thread_P2_V1_short_horizon,0.17,"$NVDA is literally exploding on the screen right now and I'm not even laughing. The Blackwell ramp is real and the data center demand is undeniable, but I'm watching the after-hours dip with a cold sweat. If they can't hold the 600 level tomorrow, this whole rally is over. My trade is in, but I'm betting the floor is at $750.",0,0,sim_agent,bullish,P2_V1,V1_three_archetypes,short_horizon,short-horizon
NVDA_Q3FY26,NVDA,2025-11-19T21:00:00+00:00,wallstreetbets,thread_P2_V1_short_horizon,fin_qwen_qwen3_5_2b_P2_V1_short_horizon_42_002,thread_P2_V1_short_horizon,4.86,"Holy shit, they actually beat on EPS and the guidance is insane. This is the kind of move that moves the whole market and I'm already in the trade.",0,0,sim_agent,bullish,P2_V1,V1_three_archetypes,short_horizon,short-horizon
NVDA_Q3FY26,NVDA,2025-11-19T21:00:00+00:00,wallstreetbets,thread_P2_V1_short_horizon,fin_qwen_qwen3_5_2b_P2_V1_short_horizon_42_003,thread_P2_V1_short_horizon,0.3,"OMG $NVDA just crushed the 57B revenue number? That's insane, man. The Blackwell ramp is finally paying off. Seeing the after-hours rally and the guidance bump for Q4 makes me feel like I'm in the middle of a bull run. Time to buy more before the market gets greedy.",0,0,sim_agent,bullish,P2_V1,V1_three_archetypes,short_horizon,short-horizon
NVDA_Q3FY26,NVDA,2025-11-19T21:00:00+00:00,wallstreetbets,thread_P2_V1_short_horizon,fin_qwen_qwen3_5_2b_P2_V1_short_horizon_42_004,thread_P2_V1_short_horizon,-0.17,"Holy shit, 62% revenue and the Blackwell ramp is insane. Jensen is finally locking in the next leg up, and that after-hours dip? Just noise. If they keep this momentum, we're looking at a massive breakout before the next quarterly report. Buy the dip, folks.",0,1,sim_agent,bullish,P2_V1,V1_three_archetypes,short_horizon,short-horizon
NVDA_Q3FY26,NVDA,2025-11-19T21:00:00+00:00,wallstreetbets,thread_P2_V1_short_horizon,fin_qwen_qwen3_5_2b_P2_V1_short_horizon_42_005,thread_P2_V1_short_horizon,1.12,"Holy shit, that's the biggest number we've seen in years. The Blackwell ramp is finally looking real and the guidance is solid. If they keep moving up like this, I'm in.",0,2,sim_agent,bullish,P2_V1,V1_three_archetypes,short_horizon,short-horizon
NVDA_Q3FY26,NVDA,2025-11-19T21:00:00+00:00,wallstreetbets,thread_P2_V1_short_horizon,fin_qwen_qwen3_5_2b_P2_V1_short_horizon_42_006,thread_P2_V1_short_horizon,0.3,"Holy shit, $57B?! Jensen's guidance is wild and the after-hours spike is insane. This is the next big trade, folks, we're going to see a 20% run here.",0,2,sim_agent,neutral,P2_V1,V1_three_archetypes,short_horizon,short-horizon
NVDA_Q3FY26,NVDA,2025-11-19T21:00:00+00:00,wallstreetbets,thread_P2_V1_short_horizon,fin_qwen_qwen3_5_2b_P2_V1_short_horizon_42_007,thread_P2_V1_short_horizon,3.25,"I'm not even buying the stock today, but I'm definitely going to sell it before the bell rings. The after-hours drop is huge and I'm basically betting the whole market on this next 20-minute move. If the volume doesn't dry up by 2:00 PM, I'm out.",0,1,sim_agent,bearish,P2_V1,V1_three_archetypes,short_horizon,short-horizon
NVDA_Q3FY26,NVDA,2025-11-19T21:00:00+00:00,wallstreetbets,thread_P2_V1_short_horizon,fin_qwen_qwen3_5_2b_P2_V1_short_horizon_42_008,thread_P2_V1_short_horizon,2.78,"Holy cow, that's the biggest jump I've ever seen in a quarter! 62% revenue is insane, and the Blackwell ramp looks real. If they hold this momentum, I'm ready to buy the dip and ride the train. 🚂📈",0,0,sim_agent,bullish,P2_V1,V1_three_archetypes,short_horizon,short-horizon
NVDA_Q3FY26,NVDA,2025-11-19T21:00:00+00:00,wallstreetbets,thread_P2_V1_short_horizon,fin_qwen_qwen3_5_2b_P2_V1_short_horizon_42_009,thread_P2_V1_short_horizon,2.5,"Holy shit, $57B revenue? I thought they were still bleeding cash on the back end. That's a real monster of a quarter. Blackwell ramp is looking smoother than anyone projected. My position is still up, but I'm going to be watching the after-hours volume closely. If they don't hold the $200 floor by tomorrow morning, I'm looking at a short, but right now I'm just riding the wave.",0,1,sim_agent,neutral,P2_V1,V1_three_archetypes,short_horizon,short-horizon
NVDA_Q3FY26,NVDA,2025-11-19T21:00:00+00:00,wallstreetbets,thread_P2_V1_short_horizon,fin_qwen_qwen3_5_2b_P2_V1_short_horizon_42_010,thread_P2_V1_short_horizon,2.82,"Holy shit, $57B? That's insane. The Blackwell ramp is real and the AI demand is just getting better. If this holds, I'm looking at a massive move here. Time to take the bags.",0,0,sim_agent,neutral,P2_V1,V1_three_archetypes,short_horizon,short-horizon
NVDA_Q3FY26,NVDA,2025-11-19T21:00:00+00:00,wallstreetbets,thread_P2_V1_short_horizon,fin_qwen_qwen3_5_2b_P2_V1_short_horizon_42_011,thread_P2_V1_short_horizon,-1.0,"Holy shit, they actually beat the market on revenue? The Blackwell ramp looks insane, I'm already buying the dip on the after-hours dip. This is the setup we've been waiting for. 🚀📈",0,0,sim_agent,bullish,P2_V1,V1_three_archetypes,short_horizon,short-horizon
NVDA_Q3FY26,NVDA,2025-11-19T21:00:00+00:00,wallstreetbets,thread_P2_V1_short_horizon,fin_qwen_qwen3_5_2b_P2_V1_short_horizon_42_012,thread_P2_V1_short_horizon,5.68,"Holy shit, that's the biggest jump I've ever seen on the chart. 62% YoY revenue is insane and the Blackwell ramp looks real. If they keep pushing that guidance through Q4, I'm buying the dip on the 100s. 🚀📈",0,2,sim_agent,bullish,P2_V1,V1_three_archetypes,short_horizon,short-horizon
NVDA_Q3FY26,NVDA,2025-11-19T21:00:00+00:00,wallstreetbets,thread_P2_V1_short_horizon,fin_qwen_qwen3_5_2b_P2_V1_short_horizon_42_013,thread_P2_V1_short_horizon,1.91,Is it $1000 a day or $1000 a year?,0,2,sim_agent,neutral,P2_V1,V1_three_archetypes,short_horizon,short-horizon
NVDA_Q3FY26,NVDA,2025-11-19T21:00:00+00:00,wallstreetbets,thread_P2_V1_short_horizon,fin_qwen_qwen3_5_2b_P2_V1_short_horizon_42_014,thread_P2_V1_short_horizon,6.78,"Holy shit, the Blackwell ramp is insane. At $57B revenue, they're printing money faster than anyone thought. This is the moment the market finally sees the real strength behind the hype. I'm in.",0,1,sim_agent,neutral,P2_V1,V1_three_archetypes,short_horizon,short-horizon
NVDA_Q3FY26,NVDA,2025-11-19T21:00:00+00:00,wallstreetbets,thread_P2_V1_short_horizon,fin_qwen_qwen3_5_2b_P2_V1_short_horizon_42_015,thread_P2_V1_short_horizon,2.35,"$NVDA is basically on fire right now. 62% revenue beat is insane, and seeing the Blackwell ramp so fast is the biggest bullish thesis I've had all year. The after-hours dip is just noise, I'm buying the dip and watching the volume explode. This is the setup I've been waiting for.",0,1,sim_agent,bullish,P2_V1,V1_three_archetypes,short_horizon,short-horizon
NVDA_Q3FY26,NVDA,2025-11-19T21:00:00+00:00,wallstreetbets,thread_P2_V1_short_horizon,fin_qwen_qwen3_5_2b_P2_V1_short_horizon_42_016,thread_P2_V1_short_horizon,1.55,"Holy shit, just got a beat on EPS and guidance for Q4, and the after-hours spike is killing me right now. This is the kind of move that pumps the chart for the next 2 weeks. Don't get me wrong, I'm not going to sell, but if the volume doesn't explode on the open, I'm going to be watching the 200s closely.",0,0,sim_agent,bullish,P2_V1,V1_three_archetypes,short_horizon,short-horizon
NVDA_Q3FY26,NVDA,2025-11-19T21:00:00+00:00,wallstreetbets,thread_P2_V1_short_horizon,fin_qwen_qwen3_5_2b_P2_V1_short_horizon_42_017,thread_P2_V1_short_horizon,6.27,"Holy shit, 62%? That's not just a beat, that's a home run! Blackwell ramping and the numbers are printing money. I'm already looking at the next day's volume, the volume is going to be insane, and I'm buying the dip on the after-hours dip. This is the setup I've been waiting for since the Blackwell leak. Let's go NVIDIA. 🚀🔥",0,0,sim_agent,bullish,P2_V1,V1_three_archetypes,short_horizon,short-horizon
NVDA_Q3FY26,NVDA,2025-11-19T21:00:00+00:00,wallstreetbets,thread_P2_V1_short_horizon,fin_qwen_qwen3_5_2b_P2_V1_short_horizon_42_018,thread_P2_V1_short_horizon,-1.0,"Holy shit, $57B?! That's the biggest single quarter I've seen in years. Blackwell is finally ramping up and the AI demand is real. My FOMO is already kicking in and I'm holding the bag. If they don't hit $60B next quarter, I'm dumping.",0,2,sim_agent,neutral,P2_V1,V1_three_archetypes,short_horizon,short-horizon
NVDA_Q3FY26,NVDA,2025-11-19T21:00:00+00:00,wallstreetbets,thread_P2_V1_short_horizon,fin_qwen_qwen3_5_2b_P2_V1_short_horizon_42_019,thread_P2_V1_short_horizon,4.13,"Holy shit, $57B revenue? That's the biggest jump in my life. Blackwell is finally ramping, and the after-hours dip must have been a trap. Who knew they could hit $60B next quarter? 🚀",0,0,sim_agent,neutral,P2_V1,V1_three_archetypes,short_horizon,short-horizon
NVDA_Q3FY26,NVDA,2025-11-19T21:00:00+00:00,wallstreetbets,thread_P2_V1_short_horizon,fin_qwen_qwen3_5_2b_P2_V1_short_horizon_42_020,thread_P2_V1_short_horizon,0.12,"Holy shit, $57B is insane. That's a real monster run rate. The Blackwell ramp is looking solid too. If they can hold this through the after-hours dip, I'm buying the dip on the volume spike. This is the kind of move that drives the market, not just the stock.",0,2,sim_agent,bullish,P2_V1,V1_three_archetypes,short_horizon,short-horizon
NVDA_Q3FY26,NVDA,2025-11-19T21:00:00+00:00,wallstreetbets,thread_P2_V1_short_horizon,fin_qwen_qwen3_5_2b_P2_V1_short_horizon_42_021,thread_P2_V1_short_horizon,1.99,"Holy shit, this is insane. $57B revenue? That's the biggest single quarter ever in tech history. The Blackwell ramp is real, and they actually beat everyone on EPS. Jensen's guidance is solid, so the whole thing is basically free money. I'm not even looking at the after-hours dip anymore, just riding this wave. The AI infrastructure play is too good to miss.",0,2,sim_agent,bullish,P2_V1,V1_three_archetypes,short_horizon,short-horizon
NVDA_Q3FY26,NVDA,2025-11-19T21:00:00+00:00,wallstreetbets,thread_P2_V1_short_horizon,fin_qwen_qwen3_5_2b_P2_V1_short_horizon_42_022,thread_P2_V1_short_horizon,0.72,"Holy shit, 62% revenue and the beat? I'm actually smiling now. The Blackwell ramp is real and the AI demand is insane. If this continues, I'm in. But I need to see the after-hours move to confirm the momentum, because sometimes the hype gets out of hand before the trade comes in.",0,1,sim_agent,bullish,P2_V1,V1_three_archetypes,short_horizon,short-horizon
NVDA_Q3FY26,NVDA,2025-11-19T21:00:00+00:00,wallstreetbets,thread_P2_V1_short_horizon,fin_qwen_qwen3_5_2b_P2_V1_short_horizon_42_023,thread_P2_V1_short_horizon,6.09,"$NVDA 4.50. The guidance is solid, but the after-hours dip? That's the real story. If they can't hold the $500 level by tomorrow, I'm out.",0,0,sim_agent,bullish,P2_V1,V1_three_archetypes,short_horizon,short-horizon
NVDA_Q3FY26,NVDA,2025-11-19T21:00:00+00:00,wallstreetbets,thread_P2_V1_short_horizon,fin_qwen_qwen3_5_2b_P2_V1_short_horizon_42_024,thread_P2_V1_short_horizon,2.29,"Wait, $57B revenue in Q3? That's insane. But the after-hours drop is killing me. I'm betting the dip is just pre-earnings noise and this is the setup I've been waiting for. Can someone explain why the volume spike on the beat wasn't a bigger green arrow?",0,1,sim_agent,bullish,P2_V1,V1_three_archetypes,short_horizon,short-horizon
NVDA_Q3FY26,NVDA,2025-11-19T21:00:00+00:00,wallstreetbets,thread_P2_V1_short_horizon,fin_qwen_qwen3_5_2b_P2_V1_short_horizon_42_025,thread_P2_V1_short_horizon,-1.0,"Holy shit, 62% growth?! Jensen's guidance was a dream come true. The after-hours dip was just noise, I'm in. This is the setup we've been waiting for, the stock is printing money. Let's go.",0,1,sim_agent,bullish,P2_V1,V1_three_archetypes,short_horizon,short-horizon
NVDA_Q3FY26,NVDA,2025-11-19T21:00:00+00:00,wallstreetbets,thread_P2_V1_short_horizon,fin_qwen_qwen3_5_2b_P2_V1_short_horizon_42_026,thread_P2_V1_short_horizon,4.66,"Holy shit, $57B? That's the biggest number I've seen in a decade. Jensen's guidance on Blackwell is insane and the after-hours spike was real. I'm going to hold this like a baby for the next 6 months and see if it breaks $100 before I sell.",0,0,sim_agent,neutral,P2_V1,V1_three_archetypes,short_horizon,short-horizon
NVDA_Q3FY26,NVDA,2025-11-19T21:00:00+00:00,wallstreetbets,thread_P2_V1_short_horizon,fin_qwen_qwen3_5_2b_P2_V1_short_horizon_42_027,thread_P2_V1_short_horizon,2.01,"Holy shit, 57B? That's the biggest pump in history. The Blackwell ramp is insane, and seeing that 62% YoY growth confirms the thesis. I'm locking in the dip here and ready to ride the wave.",0,2,sim_agent,bullish,P2_V1,V1_three_archetypes,short_horizon,short-horizon
NVDA_Q3FY26,NVDA,2025-11-19T21:00:00+00:00,wallstreetbets,thread_P2_V1_short_horizon,fin_qwen_qwen3_5_2b_P2_V1_short_horizon_42_028,thread_P2_V1_short_horizon,6.1,"Holy shit, $57B? That's a record-breaking quarter for sure. Blackwell is finally ramping up, and the AI infrastructure narrative is just getting stronger. I'm locking in a long here for the next quarter, the after-hours dip was just noise and I'm buying the dip on the volume.",0,0,sim_agent,bullish,P2_V1,V1_three_archetypes,short_horizon,short-horizon
NVDA_Q3FY26,NVDA,2025-11-19T21:00:00+00:00,wallstreetbets,thread_P2_V1_short_horizon,fin_qwen_qwen3_5_2b_P2_V1_short_horizon_42_029,thread_P2_V1_short_horizon,-1.0,"Holy shit, 62% revenue jump? That's insane. Blackwell ramp is clearly the real story, not just the AI hype cycle. If this holds, I'm buying the dip on the after-hours dip. Can't wait to see the next quarter.",0,0,sim_agent,bullish,P2_V1,V1_three_archetypes,short_horizon,short-horizon
NVDA_Q3FY26,NVDA,2025-11-19T21:00:00+00:00,wallstreetbets,thread_P2_V1_short_horizon,fin_qwen_qwen3_5_2b_P2_V1_short_horizon_42_030,thread_P2_V1_short_horizon,7.24,"Holy shit, this is insane. $57B revenue and a 62% jump? Jensen just said they'll keep printing this while we're still figuring out the Blackwell supply chain. That's not a beat, that's a stock split waiting to happen. If they don't cap the run-up next week, I'm going to be holding the bag for the dip.",0,0,sim_agent,bullish,P2_V1,V1_three_archetypes,short_horizon,short-horizon
NVDA_Q3FY26,NVDA,2025-11-19T21:00:00+00:00,wallstreetbets,thread_P2_V1_short_horizon,fin_qwen_qwen3_5_2b_P2_V1_short_horizon_42_031,thread_P2_V1_short_horizon,-1.0,"Holy shit, 57B revenue? That's insane. The Blackwell ramp is finally hitting the ground running. I'm looking at this as a pure momentum play right now. If they hold the 120s tomorrow, I'm in. If they don't, I'm selling. This is the next big tech story.",0,0,sim_agent,neutral,P2_V1,V1_three_archetypes,short_horizon,short-horizon
NVDA_Q3FY26,NVDA,2025-11-19T21:00:00+00:00,wallstreetbets,thread_P2_V1_short_horizon,fin_qwen_qwen3_5_2b_P2_V1_short_horizon_42_032,thread_P2_V1_short_horizon,6.6,"Holy shit, this is the best Q3 in history and I'm already plotting my next trade on Blackwell. The after-hours dip is just noise; I'm going to ride this to the moon. 🚀📈",0,1,sim_agent,bullish,P2_V1,V1_three_archetypes,short_horizon,short-horizon
NVDA_Q3FY26,NVDA,2025-11-19T21:00:00+00:00,wallstreetbets,thread_P2_V1_short_horizon,fin_qwen_qwen3_5_2b_P2_V1_short_horizon_42_033,thread_P2_V1_short_horizon,4.14,"Holy shit, 62% revenue? This is the best Q3 in history. Blackwell is finally ramping, and Jensen is basically writing the playbook for the next decade. The after-hours drop is just noise; this is the setup for a multi-year bull run. Let's go NVIDIA.",0,0,sim_agent,neutral,P2_V1,V1_three_archetypes,short_horizon,short-horizon
NVDA_Q3FY26,NVDA,2025-11-19T21:00:00+00:00,wallstreetbets,thread_P2_V1_short_horizon,fin_qwen_qwen3_5_2b_P2_V1_short_horizon_42_034,thread_P2_V1_short_horizon,-1.0,"Holy shit, $57B in Q3? That's the biggest jump I've ever seen. Blackwell ramping hard? This is the endgame, folks. The after-hours dip is just noise before the next move. I'm locking in the next 20% here before the market closes. #AIRevolution",0,0,sim_agent,neutral,P2_V1,V1_three_archetypes,short_horizon,short-horizon
NVDA_Q3FY26,NVDA,2025-11-19T21:00:00+00:00,wallstreetbets,thread_P2_V1_short_horizon,fin_qwen_qwen3_5_2b_P2_V1_short_horizon_42_035,thread_P2_V1_short_horizon,2.59,"Wait, $57B for Q3? The market is actually pricing in a 100B+ run already, right? I'm just trying to catch the dip before the next rally.",0,2,sim_agent,bullish,P2_V1,V1_three_archetypes,short_horizon,short-horizon
NVDA_Q3FY26,NVDA,2025-11-19T21:00:00+00:00,wallstreetbets,thread_P2_V1_information_seeking,fin_qwen_qwen3_5_2b_P2_V1_information_seeking_42_000,thread_P2_V1_information_seeking,2.33,"Holy shit, finally a beat on the EPS! But holy cow, the after-hours dip is killing me. I'm still waiting for the full report to confirm if the guidance holds, because I don't want to get my position wrong on a bad quarter. Anyone else feeling the pressure here?",0,1,sim_agent,bullish,P2_V1,V1_three_archetypes,information_seeking,info-seeking
NVDA_Q3FY26,NVDA,2025-11-19T21:00:00+00:00,wallstreetbets,thread_P2_V1_information_seeking,fin_qwen_qwen3_5_2b_P2_V1_information_seeking_42_001,thread_P2_V1_information_seeking,7.92,"okay so they beat on revenue but wait, did they actually beat on EPS? the guidance looks really good for the long term but I'm still not sure if the stock price will actually go up or down based on this one number.",0,1,sim_agent,bullish,P2_V1,V1_three_archetypes,information_seeking,info-seeking
NVDA_Q3FY26,NVDA,2025-11-19T21:00:00+00:00,wallstreetbets,thread_P2_V1_information_seeking,fin_qwen_qwen3_5_2b_P2_V1_information_seeking_42_002,thread_P2_V1_information_seeking,7.57,"Wow, $57B revenue? That's insane. Did they just triple the numbers from last quarter? 😱 Jensen's guidance for Q4 looks solid too, but I'm still worried about the after-hours dip. Who knows what the Blackwell supply chain issues will look like next quarter? Anyone else think this is a buy? 🤔📈",0,2,sim_agent,bullish,P2_V1,V1_three_archetypes,information_seeking,info-seeking
NVDA_Q3FY26,NVDA,2025-11-19T21:00:00+00:00,wallstreetbets,thread_P2_V1_information_seeking,fin_qwen_qwen3_5_2b_P2_V1_information_seeking_42_003,thread_P2_V1_information_seeking,10.94,"so they beat on revenue but the EPS was lower than I thought? is the margin compression real or just the accounting? also, did they mention any guidance for next quarter? i'm holding for the long term but need to know if this is a one-time anomaly or a trend. the after-hours drop is weird though, seems like everyone is overreacting to the guidance hike.",0,1,sim_agent,bullish,P2_V1,V1_three_archetypes,information_seeking,info-seeking
NVDA_Q3FY26,NVDA,2025-11-19T21:00:00+00:00,wallstreetbets,thread_P2_V1_information_seeking,fin_qwen_qwen3_5_2b_P2_V1_information_seeking_42_004,thread_P2_V1_information_seeking,0.0,"Wait, I'm confused. $57B revenue? That's insane. Did they just double down on the AI hype or did they actually ship more Blackwell GPUs? Also, the after-hours drop is weird. Is the market just scared of the volatility, or do they think the guidance is too aggressive? Anyone else wondering if this is just a pump and dump before the next earnings call?",0,0,sim_agent,bearish,P2_V1,V1_three_archetypes,information_seeking,info-seeking
NVDA_Q3FY26,NVDA,2025-11-19T21:00:00+00:00,wallstreetbets,thread_P2_V1_information_seeking,fin_qwen_qwen3_5_2b_P2_V1_information_seeking_42_005,thread_P2_V1_information_seeking,8.75,"wait for the next earnings call, the stock is still down 15% from the peak last quarter and I don't know if this 62% growth will actually translate to higher margins or if they're just squeezing out capacity. also, how do you price a company with a 15% downside risk? is anyone else seeing this as a trap before the actual numbers drop?",0,0,sim_agent,neutral,P2_V1,V1_three_archetypes,information_seeking,info-seeking
NVDA_Q3FY26,NVDA,2025-11-19T21:00:00+00:00,wallstreetbets,thread_P2_V1_information_seeking,fin_qwen_qwen3_5_2b_P2_V1_information_seeking_42_006,thread_P2_V1_information_seeking,1.8,"I'm still waiting for the full earnings call to see the full picture on the guidance, but I'm cautiously optimistic that Blackwell is the real story here. The after-hours dip is worrying though, I guess it's just noise?",0,0,sim_agent,bullish,P2_V1,V1_three_archetypes,information_seeking,info-seeking
NVDA_Q3FY26,NVDA,2025-11-19T21:00:00+00:00,wallstreetbets,thread_P2_V1_information_seeking,fin_qwen_qwen3_5_2b_P2_V1_information_seeking_42_007,thread_P2_V1_information_seeking,12.8,"I'm not sure if this is a good sign yet. The after-hours drop was weird, and I'm still waiting to see if the guidance holds up when the market opens tomorrow. Does anyone else know what the P/E ratio is looking like?",0,0,sim_agent,neutral,P2_V1,V1_three_archetypes,information_seeking,info-seeking
NVDA_Q3FY26,NVDA,2025-11-19T21:00:00+00:00,wallstreetbets,thread_P2_V1_information_seeking,fin_qwen_qwen3_5_2b_P2_V1_information_seeking_42_008,thread_P2_V1_information_seeking,13.64,"So, $57B revenue? That's... actually pretty solid for a Q3, but the 62% YoY growth feels a bit steep given the cyclical nature of the AI boom. I'm not sure if the Blackwell ramp is enough to sustain this or if we're just seeing a temporary spike before the market corrects. Anyone else see the after-hours dip? Maybe the market is pricing in a slowdown I'm not seeing?",0,0,sim_agent,bullish,P2_V1,V1_three_archetypes,information_seeking,info-seeking
NVDA_Q3FY26,NVDA,2025-11-19T21:00:00+00:00,wallstreetbets,thread_P2_V1_information_seeking,fin_qwen_qwen3_5_2b_P2_V1_information_seeking_42_009,thread_P2_V1_information_seeking,9.66,"So basically they blew past everyone's expectations and the guidance is looking solid for the next quarter, but honestly I'm still a bit nervous about the after-hours drop. Do we really know they can keep this momentum going without a hiccup?",0,2,sim_agent,neutral,P2_V1,V1_three_archetypes,information_seeking,info-seeking
NVDA_Q3FY26,NVDA,2025-11-19T21:00:00+00:00,wallstreetbets,thread_P2_V1_information_seeking,fin_qwen_qwen3_5_2b_P2_V1_information_seeking_42_010,thread_P2_V1_information_seeking,7.46,"just got the PDF, honestly, the 62% jump is insane but I'm still not sure if we're talking about the real future or just a one-time Blackwell spike. CEO said ""continued demand"" but did they mean it will last another 3 years? The after-hours sell-off is killing me, I thought we were on the up.",0,0,sim_agent,bearish,P2_V1,V1_three_archetypes,information_seeking,info-seeking
NVDA_Q3FY26,NVDA,2025-11-19T21:00:00+00:00,wallstreetbets,thread_P2_V1_information_seeking,fin_qwen_qwen3_5_2b_P2_V1_information_seeking_42_011,thread_P2_V1_information_seeking,4.22,"so they beat on revenue but the EPS was still a disaster? 🤯 where's the guidance on margins? are they just printing cash and not building the chips? honestly, I'm just waiting for the next quarterly report to see if the 2027 guidance holds up.",0,1,sim_agent,bullish,P2_V1,V1_three_archetypes,information_seeking,info-seeking
NVDA_Q3FY26,NVDA,2025-11-19T21:00:00+00:00,wallstreetbets,thread_P2_V1_information_seeking,fin_qwen_qwen3_5_2b_P2_V1_information_seeking_42_012,thread_P2_V1_information_seeking,6.71,"So they beat the numbers and the guidance, but the after-hours drop on the stock... is this just noise or is the market finally realizing that Blackwell is going to be a nightmare to sell? 🤔",0,2,sim_agent,neutral,P2_V1,V1_three_archetypes,information_seeking,info-seeking
NVDA_Q3FY26,NVDA,2025-11-19T21:00:00+00:00,wallstreetbets,thread_P2_V1_information_seeking,fin_qwen_qwen3_5_2b_P2_V1_information_seeking_42_013,thread_P2_V1_information_seeking,9.12,"I'm still waiting for the full Q4 guidance to see if they really keep that 62% growth or if they're just being nice. The after-hours drop was weird for a beat, though I guess I'll take the upside if the numbers hold up.",0,1,sim_agent,bullish,P2_V1,V1_three_archetypes,information_seeking,info-seeking
NVDA_Q3FY26,NVDA,2025-11-19T21:00:00+00:00,wallstreetbets,thread_P2_V1_information_seeking,fin_qwen_qwen3_5_2b_P2_V1_information_seeking_42_014,thread_P2_V1_information_seeking,0.0,"haha, $57B for Q3? I thought the next quarter was going to be the big one. 🤯 but hey, they beat on EPS so maybe the guidance is just a bit of a stretch. need to wait for the full earnings call to see if they're actually scaling production or just talking it up.",0,1,sim_agent,bullish,P2_V1,V1_three_archetypes,information_seeking,info-seeking
NVDA_Q3FY26,NVDA,2025-11-19T21:00:00+00:00,wallstreetbets,thread_P2_V1_information_seeking,fin_qwen_qwen3_5_2b_P2_V1_information_seeking_42_015,thread_P2_V1_information_seeking,7.8,"so the revenue numbers are actually solid, but I'm still waiting for the full guidance on the capex plan for the next 12 months. the after-hours dip is worrying me, but honestly I can't tell if that's just the market correcting or if it's a sign of something bigger coming. anyone else still waiting for the full slide deck?",0,0,sim_agent,bullish,P2_V1,V1_three_archetypes,information_seeking,info-seeking
NVDA_Q3FY26,NVDA,2025-11-19T21:00:00+00:00,wallstreetbets,thread_P2_V1_information_seeking,fin_qwen_qwen3_5_2b_P2_V1_information_seeking_42_016,thread_P2_V1_information_seeking,11.23,"Holy shit, 62% revenue and they beat expectations on EPS? This is the first time I've seen NVIDIA actually deliver on the promises made in the last quarter. I was worried about the margin compression and the capex hit, but this is a massive validation of the Blackwell strategy. I'm locking in my position here, but I'm also going to be watching the Q4 guidance closely to see if they can sustain this growth without the valuation getting ridiculous.",0,0,sim_agent,bullish,P2_V1,V1_three_archetypes,information_seeking,info-seeking
NVDA_Q3FY26,NVDA,2025-11-19T21:00:00+00:00,wallstreetbets,thread_P2_V1_information_seeking,fin_qwen_qwen3_5_2b_P2_V1_information_seeking_42_017,thread_P2_V1_information_seeking,9.65,"wow, that's insane. 62% growth in 3 quarters? That's basically a quarter of a decade's worth of growth in one go. I'm still waiting on the full Q4 guidance numbers and the full year 2026 guidance, but I'm basically betting on the whole thing now.",0,0,sim_agent,bullish,P2_V1,V1_three_archetypes,information_seeking,info-seeking
NVDA_Q3FY26,NVDA,2025-11-19T21:00:00+00:00,wallstreetbets,thread_P2_V1_information_seeking,fin_qwen_qwen3_5_2b_P2_V1_information_seeking_42_018,thread_P2_V1_information_seeking,4.82,"so much for the ""beating expectations"" narrative. looking at the after-hours dip and the sheer magnitude of the jump, I'm still trying to figure out if this is just a one-off data center boom or if Blackwell is actually going to ship like they promised. are they actually going to cut costs on the old H100s or are we looking at a permanent shift to Blackwell? can't wait to see the Q4 guidance numbers.",0,2,sim_agent,neutral,P2_V1,V1_three_archetypes,information_seeking,info-seeking
NVDA_Q3FY26,NVDA,2025-11-19T21:00:00+00:00,wallstreetbets,thread_P2_V1_information_seeking,fin_qwen_qwen3_5_2b_P2_V1_information_seeking_42_019,thread_P2_V1_information_seeking,0.0,"so, they beat expectations on both revenue and eps? holy shit. usually the after-hours crash is the bearish signal, but they actually beat the numbers? did they just sell the dip and get the bag? also, the guidance for Q4 is insane, but is this just a one-time Blackwell spike or is the whole AI cycle finally here? i'm not sure if I should buy the dip or if this is just a pump and dump before the next quarterly report drops. need more clarity before i put cash in here.",0,0,sim_agent,bearish,P2_V1,V1_three_archetypes,information_seeking,info-seeking
NVDA_Q3FY26,NVDA,2025-11-19T21:00:00+00:00,wallstreetbets,thread_P2_V1_information_seeking,fin_qwen_qwen3_5_2b_P2_V1_information_seeking_42_020,thread_P2_V1_information_seeking,1.53,"wait for the full earnings call and the full roadmap, the after-hours noise is just noise, and i'm still trying to figure out if the guidance is too high for the market to digest before i buy anything.",0,2,sim_agent,bullish,P2_V1,V1_three_archetypes,information_seeking,info-seeking
NVDA_Q3FY26,NVDA,2025-11-19T21:00:00+00:00,wallstreetbets,thread_P2_V1_information_seeking,fin_qwen_qwen3_5_2b_P2_V1_information_seeking_42_021,thread_P2_V1_information_seeking,9.14,"so the numbers are real and they beat expectations, but honestly the after-hours dip was weird. i'm still waiting to see if they actually cut the guidance next quarter or if that was just a one-off spike. anyone else think the stock will stay flat or do they expect a massive rally?",0,0,sim_agent,bullish,P2_V1,V1_three_archetypes,information_seeking,info-seeking
NVDA_Q3FY26,NVDA,2025-11-19T21:00:00+00:00,wallstreetbets,thread_P2_V1_information_seeking,fin_qwen_qwen3_5_2b_P2_V1_information_seeking_42_022,thread_P2_V1_information_seeking,8.4,"Okay so the revenue number is massive but I'm still just like ""wait, did they count the AI chips?"" The EPS beat is nice but at what valuation are we trading? My portfolio is already up 15% and I'm just waiting to see if the after-hours dip on the Blackwell ramp is just noise or a real warning sign. Anyone else holding?",0,0,sim_agent,bullish,P2_V1,V1_three_archetypes,information_seeking,info-seeking
NVDA_Q3FY26,NVDA,2025-11-19T21:00:00+00:00,wallstreetbets,thread_P2_V1_information_seeking,fin_qwen_qwen3_5_2b_P2_V1_information_seeking_42_023,thread_P2_V1_information_seeking,12.09,"Just got the numbers, but honestly the after-hours dip is still killing me. The guidance is nice but I'm still waiting to see if they'll actually ramp the Blackwell units fast enough to justify the valuation before next quarter.",0,0,sim_agent,neutral,P2_V1,V1_three_archetypes,information_seeking,info-seeking
NVDA_Q3FY26,NVDA,2025-11-19T21:00:00+00:00,wallstreetbets,thread_P2_V1_information_seeking,fin_qwen_qwen3_5_2b_P2_V1_information_seeking_42_024,thread_P2_V1_information_seeking,6.02,"so they beat the revenue numbers but the EPS is still lower than last quarter? 😱 and the after-hours drop is weird, don't know if that's just the market reacting to the guidance or if there's something else going on. anyone else see any changes in the guidance?",0,0,sim_agent,neutral,P2_V1,V1_three_archetypes,information_seeking,info-seeking
NVDA_Q3FY26,NVDA,2025-11-19T21:00:00+00:00,wallstreetbets,thread_P2_V1_information_seeking,fin_qwen_qwen3_5_2b_P2_V1_information_seeking_42_025,thread_P2_V1_information_seeking,19.6,"so, $57bn? holy shit, that's insane, but did they actually beat on EPS or just make up the rest of the profit? I'm still waiting for the full Q3 report to see if the margin compression from the Blackwell ramp actually hurt the bottom line. the after-hours dip is weird though, usually they go up when the market hears it.",0,2,sim_agent,bullish,P2_V1,V1_three_archetypes,information_seeking,info-seeking
NVDA_Q3FY26,NVDA,2025-11-19T21:00:00+00:00,wallstreetbets,thread_P2_V1_information_seeking,fin_qwen_qwen3_5_2b_P2_V1_information_seeking_42_026,thread_P2_V1_information_seeking,4.16,"Okay, so they beat again? That's actually pretty good news for the long term, but I'm still holding my breath. The after-hours drop is still weird though, is everyone else just panicking? I need to see if they're talking about any new supply chain issues or if this is just a one-off spike.",0,2,sim_agent,bullish,P2_V1,V1_three_archetypes,information_seeking,info-seeking
NVDA_Q3FY26,NVDA,2025-11-19T21:00:00+00:00,wallstreetbets,thread_P2_V1_information_seeking,fin_qwen_qwen3_5_2b_P2_V1_information_seeking_42_027,thread_P2_V1_information_seeking,5.4,"Great news on the numbers, but honestly, I'm just waiting for the full earnings call to see if they can actually sustain that growth rate. With the Blackwell ramp taking time, I'm a bit nervous about the Q4 guidance coming in. Don't get me wrong, the data is solid, but I'm not sure if this is a one-time spike or the new normal. Anyone else feel like we're still in the early days of this cycle?",0,1,sim_agent,bullish,P2_V1,V1_three_archetypes,information_seeking,info-seeking
NVDA_Q3FY26,NVDA,2025-11-19T21:00:00+00:00,wallstreetbets,thread_P2_V1_information_seeking,fin_qwen_qwen3_5_2b_P2_V1_information_seeking_42_028,thread_P2_V1_information_seeking,19.45,"So, $57B revenue? That's insane. But wait, they beat expectations on EPS... usually that means the market is already pricing in the upside. I'm still not sure if the $100B valuation is justified by this specific quarter, or if they're just printing money to buy more stock. Anyone else see the after-hours dip? It feels like they're just trying to show they're not the biggest company on the planet yet.",0,1,sim_agent,bullish,P2_V1,V1_three_archetypes,information_seeking,info-seeking
NVDA_Q3FY26,NVDA,2025-11-19T21:00:00+00:00,wallstreetbets,thread_P2_V1_information_seeking,fin_qwen_qwen3_5_2b_P2_V1_information_seeking_42_029,thread_P2_V1_information_seeking,3.35,"Holy shit, they actually beat the numbers? That's the first time in a decade we've seen this specific revenue jump. The Blackwell ramp is definitely the game changer here, but I'm still waiting for the full guidance on the next quarter. Are they going to cut capex next year if they're so much ahead? I'm panicking about the valuation and just want to know if this is a one-off or the start of a new era. Anyone else seeing a dip in the after-hours?",0,0,sim_agent,bullish,P2_V1,V1_three_archetypes,information_seeking,info-seeking
NVDA_Q3FY26,NVDA,2025-11-19T21:00:00+00:00,wallstreetbets,thread_P2_V1_information_seeking,fin_qwen_qwen3_5_2b_P2_V1_information_seeking_42_030,thread_P2_V1_information_seeking,1.86,"Wait, $57B revenue? That's insane. But did they actually beat on EPS? I'm scared they're just printing cash and hiding the margin compression from the Blackwell ramp. Also, what about the after-hours dip? Is that just volatility or is the market finally realizing the valuation is too high? 🤔📉",0,0,sim_agent,bullish,P2_V1,V1_three_archetypes,information_seeking,info-seeking
NVDA_Q3FY26,NVDA,2025-11-19T21:00:00+00:00,wallstreetbets,thread_P2_V1_information_seeking,fin_qwen_qwen3_5_2b_P2_V1_information_seeking_42_031,thread_P2_V1_information_seeking,6.37,"So I'm still waiting for the full earnings call to hear if they actually mentioned the new AI chips or just the GPUs... also, is anyone else seeing the stock drop in after-hours trading? I'm pretty sure it was just the ""mixed reaction"" part and I'm confused why everyone's selling.",0,0,sim_agent,bearish,P2_V1,V1_three_archetypes,information_seeking,info-seeking
NVDA_Q3FY26,NVDA,2025-11-19T21:00:00+00:00,wallstreetbets,thread_P2_V1_information_seeking,fin_qwen_qwen3_5_2b_P2_V1_information_seeking_42_032,thread_P2_V1_information_seeking,0.0,"This is a huge relief to finally get some clarity on the Blackwell ramp. I was completely stumped on how the data center growth is actually translating to real cash flow vs just capex, and seeing that $57B revenue hit was a huge breath of fresh air. I'll probably hold the bag for the next quarter, but I'm definitely watching the after-hours volume closely to see if the stock is actually moving up or just grinding through the noise.",0,0,sim_agent,bullish,P2_V1,V1_three_archetypes,information_seeking,info-seeking
NVDA_Q3FY26,NVDA,2025-11-19T21:00:00+00:00,wallstreetbets,thread_P2_V1_information_seeking,fin_qwen_qwen3_5_2b_P2_V1_information_seeking_42_033,thread_P2_V1_information_seeking,18.01,"so they actually beat the numbers? wow that's a huge jump from last quarter... but wait, the after-hours dip is really concerning. do you guys think this is just a one-off spike or is the real story coming out later? I'm mostly just trying to figure out if I can buy more at these levels or if I should wait for the full report.",0,1,sim_agent,bullish,P2_V1,V1_three_archetypes,information_seeking,info-seeking
NVDA_Q3FY26,NVDA,2025-11-19T21:00:00+00:00,wallstreetbets,thread_P2_V1_information_seeking,fin_qwen_qwen3_5_2b_P2_V1_information_seeking_42_034,thread_P2_V1_information_seeking,0.0,"Okay, so they beat on revenue and EPS... that's nice, but the after-hours drop is giving me major pause. Did they miss something in the guidance or is the market just freaking out on the Blackwell ramp? I'm waiting for the full earnings call to see if they actually mention the margin compression or any other red flags before I decide if I can buy this.",0,2,sim_agent,bullish,P2_V1,V1_three_archetypes,information_seeking,info-seeking
NVDA_Q3FY26,NVDA,2025-11-19T21:00:00+00:00,wallstreetbets,thread_P2_V1_information_seeking,fin_qwen_qwen3_5_2b_P2_V1_information_seeking_42_035,thread_P2_V1_information_seeking,7.76,"So, 62% growth on Q3 is insane, but the after-hours dip is giving me pause. Did the market just panic over the guidance hike or is there something else going on? Anyone else see a dip in the next hour?",0,2,sim_agent,bullish,P2_V1,V1_three_archetypes,information_seeking,info-seeking
